0.052851174923265964 -0.05536433443977351 -0.3188696096899921 -0.08888310464158683 -0.3484492519285215 -1.4842574404943563 -0.10837874114553062 0.03930117947821721 0.29179709784558416 
0.052851174923265964 -0.05536433443977351 -0.3188696096899921 -0.05172347551762019 -0.3484492519285215 -1.4842574404943563 -0.10837874114553062 0.031210638566019494 0.29179709784558416 
0.012629478370048824 -0.05536433443977351 -0.3188696096899921 -0.0042623263824922986 -0.3484492519285215 -1.4842574404943563 -0.10837874114553062 0.024071812333622405 0.29179709784558416 
0.012629478370048824 -0.05536433443977351 -0.3506164118753713 -0.09469455840752816 -0.4337098771826575 -1.4842574404943563 -0.10837874114553062 0.031210638566019494 0.29179709784558416 
0.20613015761866432 -0.05536433443977351 -0.3188696096899921 -0.09469455840752816 -0.3484492519285215 -1.4842574404943563 -0.10837874114553062 -0.11327302984203544 0.29179709784558416 
0.3342485854685304 -0.05536433443977351 -0.3188696096899921 -0.05172347551762019 -0.3484492519285215 -1.4842574404943563 -0.10837874114553062 0.024071812333622405 0.29179709784558416 
0.052851174923265964 -0.05536433443977351 -0.3188696096899921 -0.08888310464158683 -0.3484492519285215 -1.4842574404943563 -0.10837874114553062 0.03930117947821721 0.29179709784558416 
0.013678420262046492 -0.05536433443977351 -0.3188696096899921 -0.05172347551762019 -0.3484492519285215 -1.4842574404943563 -0.10837874114553062 0.03930117947821721 0.29179709784558416 
0.2206646079265002 -0.05536433443977351 -0.3188696096899921 -0.08888310464158683 -0.3484492519285215 -1.4842574404943563 -0.10837874114553062 0.024071812333622405 0.29179709784558416 
0.3342485854685304 -0.05536433443977351 -0.3188696096899921 -0.05172347551762019 -0.3484492519285215 -1.4842574404943563 -0.10837874114553062 0.024071812333622405 0.29179709784558416 
0.052851174923265964 -0.05536433443977351 -0.3188696096899921 -0.05172347551762019 -0.3484492519285215 -1.4842574404943563 -0.10837874114553062 0.031210638566019494 0.29179709784558416 
0.012629478370048824 -0.05536433443977351 -0.3188696096899921 -0.05172347551762019 -0.3484492519285215 -1.4842574404943563 -0.10837874114553062 0.024071812333622405 0.29179709784558416 
0.052851174923265964 -0.05536433443977351 -0.3188696096899921 -0.05172347551762019 -0.3484492519285215 -1.4842574404943563 -0.10837874114553062 0.024071812333622405 0.29179709784558416 
0.012629478370048824 -0.05536433443977351 -0.39861055108501386 -0.05172347551762019 -0.3484492519285215 -1.4842574404943563 -0.10837874114553062 0.03930117947821721 0.29179709784558416 
0.052851174923265964 -0.05536433443977351 -0.3188696096899921 -0.08888310464158683 -0.3484492519285215 -1.4842574404943563 -0.10837874114553062 0.03930117947821721 0.29179709784558416 
0.052851174923265964 -0.05536433443977351 -0.3188696096899921 -0.05172347551762019 -0.44703708576585066 -1.4842574404943563 -0.10837874114553062 0.024071812333622405 0.29179709784558416 
0.013678420262046492 -0.05536433443977351 -0.3188696096899921 -0.09469455840752816 -0.3484492519285215 -1.4842574404943563 -0.10837874114553062 0.024071812333622405 0.29179709784558416 
0.012629478370048824 -0.05536433443977351 -0.3188696096899921 -0.0042623263824922986 -0.3484492519285215 -1.4842574404943563 -0.10837874114553062 0.024071812333622405 0.29179709784558416 
0.012629478370048824 -0.05536433443977351 -0.3188696096899921 -0.08888310464158683 -0.5064951517886912 -1.4842574404943563 -0.10837874114553062 0.024071812333622405 0.29179709784558416 
0.20613015761866432 -0.05536433443977351 -0.3388649452993022 -0.08888310464158683 -0.3484492519285215 -1.4842574404943563 -0.10837874114553062 0.024071812333622405 0.278015821848823 
0.07634055769936848 -0.05536433443977351 -0.3388649452993022 -0.09469455840752816 -0.3484492519285215 -1.4842574404943563 -0.10837874114553062 0.024071812333622405 0.29179709784558416 
0.012629478370048824 -0.05536433443977351 -0.3188696096899921 -0.08888310464158683 -0.3484492519285215 -1.4842574404943563 -0.10837874114553062 0.09991215585980465 0.29179709784558416 
0.012629478370048824 -0.05536433443977351 -0.2982961558587941 -0.08888310464158683 -0.3484492519285215 -1.4842574404943563 -0.10837874114553062 0.03930117947821721 0.29179709784558416 
0.20613015761866432 -0.05536433443977351 -0.3188696096899921 -0.09469455840752816 -0.3484492519285215 -1.4842574404943563 -0.10837874114553062 -0.11327302984203544 0.29179709784558416 
-0.13082025428355573 -0.05536433443977351 -0.3188696096899921 -0.1763938670536704 -0.3484492519285215 -1.4842574404943563 -0.10837874114553062 0.024071812333622405 0.29179709784558416 
0.20613015761866432 -0.05536433443977351 -0.3506164118753713 -0.05172347551762019 -0.5064951517886912 -1.4842574404943563 -0.10837874114553062 0.031210638566019494 0.278015821848823 
0.013678420262046492 -0.05536433443977351 -0.3188696096899921 -0.05172347551762019 -0.4337098771826575 -1.4842574404943563 -0.10837874114553062 0.024071812333622405 0.29179709784558416 
0.2206646079265002 -0.05536433443977351 -0.3388649452993022 -0.05172347551762019 -0.3484492519285215 -1.4842574404943563 -0.10837874114553062 0.024071812333622405 0.29179709784558416 
-0.13082025428355573 -0.05536433443977351 -0.3506164118753713 -0.08888310464158683 -0.3484492519285215 -1.4842574404943563 -0.10837874114553062 0.03930117947821721 0.29179709784558416 
0.052851174923265964 -0.05536433443977351 -0.3188696096899921 -0.09469455840752816 -0.3484492519285215 -1.4842574404943563 -0.10837874114553062 0.03930117947821721 0.29179709784558416 
0.052851174923265964 -0.05536433443977351 -0.3188696096899921 -0.09469455840752816 -0.3484492519285215 -1.4842574404943563 -0.10837874114553062 0.03930117947821721 0.29179709784558416 
0.052851174923265964 -0.05536433443977351 -0.3388649452993022 -0.05172347551762019 -0.3484492519285215 -1.4842574404943563 -0.10837874114553062 0.024071812333622405 0.29179709784558416 
0.052851174923265964 -0.05536433443977351 -0.3188696096899921 -0.05172347551762019 -0.3484492519285215 -1.4842574404943563 -0.10837874114553062 0.024071812333622405 0.278015821848823 
0.012629478370048824 -0.05536433443977351 -0.36073950756835654 -0.08888310464158683 -0.4596391757635802 -1.4842574404943563 -0.10837874114553062 0.024071812333622405 0.29179709784558416 
0.18669691383221065 -0.05536433443977351 -0.3188696096899921 -0.05172347551762019 -0.3484492519285215 -1.4842574404943563 -0.10837874114553062 0.024071812333622405 0.29179709784558416 
0.18669691383221065 -0.05536433443977351 -0.2982961558587941 -0.08888310464158683 -0.3484492519285215 -1.4842574404943563 -0.14850869785933 0.03930117947821721 0.29179709784558416 
0.012629478370048824 -0.05536433443977351 -0.3188696096899921 -0.05172347551762019 -0.3484492519285215 -1.4842574404943563 -0.10837874114553062 0.024071812333622405 0.29179709784558416 
0.012629478370048824 -0.05536433443977351 -0.3188696096899921 -0.05172347551762019 -0.3484492519285215 -1.4842574404943563 -0.10837874114553062 0.024071812333622405 0.29179709784558416 
0.012629478370048824 -0.05536433443977351 -0.3188696096899921 -0.05172347551762019 -0.3484492519285215 -1.4842574404943563 -0.10837874114553062 0.024071812333622405 0.29179709784558416 
0.052851174923265964 -0.05536433443977351 -0.3188696096899921 -0.08888310464158683 -0.3484492519285215 -1.4842574404943563 -0.10837874114553062 0.03930117947821721 0.29179709784558416 
0.012629478370048824 -0.05536433443977351 -0.3188696096899921 -0.0042623263824922986 -0.3484492519285215 -1.4842574404943563 -0.10837874114553062 0.024071812333622405 0.29179709784558416 
0.052851174923265964 -0.05536433443977351 -0.3188696096899921 -0.05172347551762019 -0.3484492519285215 -1.4842574404943563 -0.10837874114553062 0.031210638566019494 0.278015821848823 
0.012629478370048824 -0.05536433443977351 -0.3188696096899921 -0.1763938670536704 -0.3484492519285215 -1.373556381797884 -0.10837874114553062 0.024071812333622405 0.29179709784558416 
0.052851174923265964 -0.05536433443977351 -0.3388649452993022 -0.05172347551762019 -0.3484492519285215 -1.4842574404943563 -0.10837874114553062 0.024071812333622405 0.29179709784558416 
0.20613015761866432 -0.05536433443977351 -0.3388649452993022 -0.08888310464158683 -0.3484492519285215 -1.4842574404943563 -0.10837874114553062 0.024071812333622405 0.278015821848823 
0.18669691383221065 -0.05536433443977351 -0.2982961558587941 -0.08888310464158683 -0.3484492519285215 -1.4842574404943563 -0.14850869785933 0.03930117947821721 0.29179709784558416 
0.052851174923265964 -0.05536433443977351 -0.3188696096899921 -0.05172347551762019 -0.44703708576585066 -1.4842574404943563 -0.10837874114553062 0.024071812333622405 0.29179709784558416 
0.052851174923265964 -0.05536433443977351 -0.3188696096899921 -0.05172347551762019 -0.3484492519285215 -1.4842574404943563 -0.10837874114553062 0.031210638566019494 0.29179709784558416 
0.20613015761866432 -0.05536433443977351 -0.3506164118753713 -0.05172347551762019 -0.5064951517886912 -1.4842574404943563 -0.10837874114553062 0.031210638566019494 0.278015821848823 
0.012629478370048824 -0.05536433443977351 -0.3188696096899921 -0.08888310464158683 -0.3484492519285215 -1.4842574404943563 -0.10837874114553062 0.024071812333622405 0.29179709784558416 
0.2206646079265002 -0.05536433443977351 -0.3388649452993022 -0.08888310464158683 -0.3484492519285215 -1.4842574404943563 -0.10837874114553062 0.024071812333622405 0.29179709784558416 
0.012629478370048824 -0.05536433443977351 -0.3188696096899921 -0.05172347551762019 -0.3484492519285215 -1.4842574404943563 -0.10837874114553062 0.09991215585980465 0.29179709784558416 
0.012629478370048824 -0.05536433443977351 -0.3188696096899921 -0.0042623263824922986 -0.3484492519285215 -1.4842574404943563 -0.10837874114553062 0.024071812333622405 0.29179709784558416 
0.012629478370048824 -0.05536433443977351 -0.3188696096899921 -0.05172347551762019 -0.3484492519285215 -1.4842574404943563 -0.10837874114553062 0.024071812333622405 0.29179709784558416 
0.2206646079265002 -0.05536433443977351 -0.3388649452993022 -0.08888310464158683 -0.3484492519285215 -1.4842574404943563 -0.10837874114553062 0.024071812333622405 0.29179709784558416 
0.20613015761866432 -0.05536433443977351 -0.3506164118753713 -0.05172347551762019 -0.5064951517886912 -1.4842574404943563 -0.10837874114553062 0.031210638566019494 0.278015821848823 
-0.19238642437511677 -0.05536433443977351 -0.3188696096899921 -0.05172347551762019 -0.3484492519285215 -1.4842574404943563 -0.10837874114553062 0.024071812333622405 0.29179709784558416 
0.052851174923265964 -0.05536433443977351 -0.3188696096899921 -0.05172347551762019 -0.3484492519285215 -1.4842574404943563 -0.10837874114553062 0.024071812333622405 0.29179709784558416 
0.012629478370048824 -0.05536433443977351 -0.39861055108501386 -0.05172347551762019 -0.3484492519285215 -1.4842574404943563 -0.10837874114553062 0.03930117947821721 0.29179709784558416 
-0.19238642437511677 -0.05536433443977351 -0.3188696096899921 -0.05172347551762019 -0.3484492519285215 -1.4842574404943563 -0.10837874114553062 0.024071812333622405 0.29179709784558416 
0.012629478370048824 -0.05536433443977351 -0.3188696096899921 -0.05172347551762019 -0.3484492519285215 -1.4842574404943563 -0.10837874114553062 0.024071812333622405 0.29179709784558416 
-0.13082025428355573 -0.05536433443977351 -0.3506164118753713 -0.08888310464158683 -0.3484492519285215 -1.4842574404943563 -0.10837874114553062 0.03930117947821721 0.29179709784558416 
0.052851174923265964 -0.05536433443977351 -0.3188696096899921 -0.08888310464158683 -0.3484492519285215 -1.4842574404943563 -0.23510049085816567 0.024071812333622405 0.29179709784558416 
0.012629478370048824 -0.05536433443977351 -0.3188696096899921 -0.05172347551762019 -0.3484492519285215 -1.4842574404943563 -0.10837874114553062 0.024071812333622405 0.29179709784558416 
0.052851174923265964 -0.05536433443977351 -0.3188696096899921 -0.08888310464158683 -0.3484492519285215 -1.4842574404943563 -0.10837874114553062 0.03930117947821721 0.29179709784558416 
0.012629478370048824 -0.05536433443977351 -0.3188696096899921 -0.05172347551762019 -0.3484492519285215 -1.4842574404943563 -0.10837874114553062 0.024071812333622405 0.29179709784558416 
0.012629478370048824 -0.05536433443977351 -0.3188696096899921 -0.05172347551762019 -0.3484492519285215 -1.4842574404943563 -0.10837874114553062 0.03930117947821721 0.29179709784558416 
0.012629478370048824 -0.05536433443977351 -0.3188696096899921 -0.1763938670536704 -0.3484492519285215 -1.373556381797884 -0.10837874114553062 0.024071812333622405 0.29179709784558416 
0.052851174923265964 -0.05536433443977351 -0.3188696096899921 -0.1763938670536704 -0.3484492519285215 -1.468775463444041 -0.10837874114553062 0.024071812333622405 0.15787904361301472 
0.052851174923265964 -0.05536433443977351 -0.3188696096899921 -0.05172347551762019 -0.3484492519285215 -1.4842574404943563 -0.10837874114553062 0.024071812333622405 0.29179709784558416 
0.012629478370048824 -0.05536433443977351 -0.39861055108501386 -0.05172347551762019 -0.3484492519285215 -1.4842574404943563 -0.10837874114553062 0.03930117947821721 0.29179709784558416 
0.012629478370048824 -0.05536433443977351 -0.3188696096899921 -0.05172347551762019 -0.3484492519285215 -1.4842574404943563 -0.10837874114553062 0.03930117947821721 0.29179709784558416 
0.2206646079265002 -0.05536433443977351 -0.3188696096899921 -0.08888310464158683 -0.3484492519285215 -1.4842574404943563 -0.10837874114553062 0.024071812333622405 0.29179709784558416 
0.20613015761866432 -0.05536433443977351 -0.3506164118753713 -0.05172347551762019 -0.5064951517886912 -1.4842574404943563 -0.10837874114553062 0.031210638566019494 0.278015821848823 
0.012629478370048824 -0.05536433443977351 -0.3388649452993022 -0.05172347551762019 -0.3484492519285215 -1.4842574404943563 -0.10837874114553062 -0.08629753202144003 0.29179709784558416 
0.052851174923265964 -0.05536433443977351 -0.3188696096899921 -0.05172347551762019 -0.3484492519285215 -1.4842574404943563 -0.10837874114553062 0.031210638566019494 0.29179709784558416 
0.20613015761866432 -0.05536433443977351 -0.3188696096899921 -0.05172347551762019 -0.3484492519285215 -1.4842574404943563 -0.10837874114553062 0.024071812333622405 0.29179709784558416 
0.052851174923265964 -0.05536433443977351 -0.3188696096899921 -0.05172347551762019 -0.3484492519285215 -1.4842574404943563 -0.10837874114553062 0.03930117947821721 0.29179709784558416 
0.2206646079265002 -0.05536433443977351 -0.3388649452993022 -0.08888310464158683 -0.3484492519285215 -1.4842574404943563 -0.10837874114553062 0.024071812333622405 0.29179709784558416 
0.013678420262046492 -0.05536433443977351 -0.3188696096899921 -0.05172347551762019 -0.3484492519285215 -1.4842574404943563 -0.10837874114553062 0.031210638566019494 0.29179709784558416 
0.012629478370048824 -0.05536433443977351 -0.3188696096899921 -0.1763938670536704 -0.3484492519285215 -1.4842574404943563 -0.10837874114553062 0.03930117947821721 0.29179709784558416 
0.18669691383221065 -0.05536433443977351 -0.3188696096899921 -0.05172347551762019 -0.3484492519285215 -1.4842574404943563 -0.10837874114553062 0.031210638566019494 0.29179709784558416 
0.052851174923265964 -0.05536433443977351 -0.3188696096899921 -0.05172347551762019 -0.3484492519285215 -1.4842574404943563 -0.10837874114553062 0.024071812333622405 0.29179709784558416 
0.012629478370048824 -0.05536433443977351 -0.3188696096899921 -0.0042623263824922986 -0.3484492519285215 -1.4842574404943563 -0.10837874114553062 0.024071812333622405 0.29179709784558416 
0.012629478370048824 -0.05536433443977351 -0.3188696096899921 -0.08888310464158683 -0.3484492519285215 -1.4842574404943563 -0.10837874114553062 0.09991215585980465 0.29179709784558416 
0.012629478370048824 -0.05536433443977351 -0.3188696096899921 -0.0042623263824922986 -0.3484492519285215 -1.4842574404943563 -0.10837874114553062 0.024071812333622405 0.29179709784558416 
0.012629478370048824 -0.05536433443977351 -0.3188696096899921 -0.1763938670536704 -0.3484492519285215 -1.373556381797884 -0.10837874114553062 0.024071812333622405 0.29179709784558416 
0.2206646079265002 -0.05536433443977351 -0.3188696096899921 -0.05172347551762019 -0.3484492519285215 -1.373556381797884 -0.10837874114553062 0.024071812333622405 0.29179709784558416 
0.012629478370048824 -0.05536433443977351 -0.3188696096899921 -0.05172347551762019 -0.3484492519285215 -1.4842574404943563 -0.10837874114553062 0.024071812333622405 0.29179709784558416 
0.052851174923265964 -0.05536433443977351 -0.3188696096899921 -0.1763938670536704 -0.3484492519285215 -1.4842574404943563 -0.10837874114553062 0.024071812333622405 0.29179709784558416 
0.052851174923265964 -0.05536433443977351 -0.3188696096899921 -0.05172347551762019 -0.44703708576585066 -1.4842574404943563 -0.10837874114553062 0.024071812333622405 0.29179709784558416 
0.052851174923265964 -0.05536433443977351 -0.3188696096899921 -0.05172347551762019 -0.3484492519285215 -1.4842574404943563 -0.10837874114553062 0.024071812333622405 0.29179709784558416 
0.20613015761866432 -0.05536433443977351 -0.3388649452993022 -0.05172347551762019 -0.3484492519285215 -1.4842574404943563 -0.10837874114553062 0.09991215585980465 0.35279634174569574 
-0.19238642437511677 -0.05536433443977351 -0.3188696096899921 -0.05172347551762019 -0.3484492519285215 -1.4842574404943563 -0.10837874114553062 0.024071812333622405 0.29179709784558416 
-0.13082025428355573 -0.05536433443977351 -0.3506164118753713 -0.08888310464158683 -0.3484492519285215 -1.4842574404943563 -0.10837874114553062 0.03930117947821721 0.29179709784558416 
0.013678420262046492 -0.05536433443977351 -0.3388649452993022 -0.05172347551762019 -0.3484492519285215 -1.4842574404943563 -0.10837874114553062 0.024071812333622405 0.29179709784558416 
0.052851174923265964 -0.05536433443977351 -0.3188696096899921 -0.05172347551762019 -0.3484492519285215 -1.4842574404943563 -0.10837874114553062 0.024071812333622405 0.29179709784558416 
0.052851174923265964 -0.05536433443977351 -0.3188696096899921 -0.09469455840752816 -0.3484492519285215 -1.4842574404943563 -0.10837874114553062 0.03930117947821721 0.29179709784558416 
0.012629478370048824 -0.05536433443977351 -0.3188696096899921 -0.05172347551762019 -0.3484492519285215 -1.4842574404943563 -0.10837874114553062 0.024071812333622405 0.29179709784558416 
0.052851174923265964 -0.05536433443977351 -0.3188696096899921 -0.08888310464158683 -0.3484492519285215 -1.4842574404943563 -0.10837874114553062 0.03930117947821721 0.29179709784558416 
