43538
28913
751
21846
508
9004
115679
38187
3829
22864
14538
19260
11348
23224
7959
3499
11976
2556
76184
26351
33733
9391
1199
30812
4877
25686
9408
48618
12559
32037
16749
47317
2132
973
18564
22534
56518
15240
17282
15835
70034
24746
22085
4541
18982
3415
12985
11719
16620
32814
638
18147
758
46311
37166
26674
353
16836
5511
3276
6474
53577
18909
2691
100219
66527
6218
10488
309
11956
38808
1401
4512
7763
4976
7141
10305
2688
34870
919
10189
49470
577
7093
53089
8162
23865
20932
15281
102410
11933
4800
376
1448
30316
21185
8576
2473
58241
37561
23390
17399
37198
3965
15145
40755
26898
11913
17519
6288
1608
26536
12022
3582
2059
69936
15564
40201
565
132
10751
91
11605
2210
106308
1815
59107
1497
19380
9171
15262
385
1311
14593
1376
32223
2162
7281
19227
16700
38053
23762
4857
21656
26181
30044
26796
11825
45436
31240
18980
10869
29296
4164
38541
723
16525
30131
18994
8978
30002
39726
2548
10198
17078
30220
2265
28577
15691
34911
11699
1052
7783
30877
3324
1307
55809
13166
1454
13908
8310
20465
20173
4054
20456
4322
10276
14606
18178
5348
14123
84793
9778
16118
42113
9913
6513
50946
16882
415
5054
617
21455
3327
17158
78
35204
4182
21994
6733
3902
48254
260
13221
50457
57470
51248
46732
3516
17037
8659
3331
6411
2443
45266
19448
546
10123
14318
22930
14942
33087
8091
2684
27214
9760
6103
15163
8987
15386
41138
22843
13678
71788
6287
18733
7953
3612
46085
2640
18977
32735
40480
8564
843
7662
9002
36570
12684
8653
1288
9981
1094
6466
20851
10127
32539
34678
12641
52944
5883
542
718
5918
2031
65458
3364
10719
13362
14502
13995
222
39215
10176
56998
3702
19655
14094
16914
18853
17696
665
7026
13342
21194
74005
583
198
47612
3675
36274
3868
8638
905
11166
51254
22793
23377
10879
3812
9790
14006
2237
18627
21201
5009
5024
22418
31015
7354
1163
1995
4711
17281
15484
8766
11325
57735
11231
13339
15590
1614
12410
71325
15456
109834
5356
8032
29354
8929
3324
3859
2010
54972
33287
29148
11168
25042
7834
671
2428
5576
33267
36454
5730
37895
1885
30720
5746
22784
13115
25050
7551
6480
13941
51236
41584
10611
624
44268
12220
3103
54789
13569
11718
1666
18996
24651
2714
42415
11261
1045
10412
22428
11597
8567
28751
7625
13989
24450
120097
3964
905
3633
1472
26
11027
5994
9733
13789
5426
2536
7480
3671
56475
19753
1090
58770
13723
9997
13175
26159
72536
5791
10554
14386
1196
14028
14293
30064
24098
24580
18772
1093
4307
15401
6664
16387
3986
30218
36737
7178
24312
30319
10928
13238
4678
10227
388
16461
12368
24401
33432
26536
16681
17405
19648
44561
4891
1411
34908
28835
35785
3489
13638
31472
16381
24938
11000
3373
23864
1308
22426
4004
14198
1284
45895
24152
2708
18512
34261
6488
7860
3709
23242
18090
9252
32008
13419
24015
4659
29473
51287
5850
1104
1186
1448
15164
16779
1005
8165
6801
7863
36376
1064
22719
5391
10002
40809
7712
3352
10506
16778
1452
21721
1244
11470
33203
4086
3097
25092
91446
3417
13769
12701
17754
11928
51415
14960
25378
2263
24480
22828
14939
990
6194
219
23428
53674
14207
15748
3436
16669
23698
11055
4037
13165
17261
34933
8125
13206
17111
92
11304
35791
13801
25228
3901
59370
8228
8846
40969
2561
570
22878
13890
9106
6262
21842
2256
22953
17502
6484
32955
12692
28790
6673
33561
2990
32436
3611
156491
6605
10397
15428
5538
26629
13290
6018
42202
1614
16216
3473
23829
13909
6559
32287
30781
5124
28989
39464
12730
963
1375
27142
15572
13766
20486
28781
1410
509
2913
25432
11976
6518
10224
46610
13725
27833
26014
25682
16639
45241
44221
10635
1938
8101
14234
5780
13581
51092
18464
2861
10971
25782
8254
15419
39018
16935
18244
30468
3897
53683
3627
52674
3756
13227
12741
10007
16294
10615
24801
1070
12774
30328
5702
17538
3051
32940
3783
530
33737
5406
19821
59099
13777
28083
11286
14752
15721
5876
14504
9255
23083
6762
22436
23675
24307
7516
9125
1412
33146
20031
61608
3468
23209
19701
47053
11620
33477
4468
5832
6589
4490
16124
61740
15477
7750
867
2587
2727
2101
13365
1631
2836
12533
8427
17731
5386
3750
54206
2105
29050
6763
38997
969
4257
12472
5868
12783
12286
13008
429
1808
51214
4589
20341
29130
19979
4938
43488
1582
4866
12245
12069
63103
41356
46026
21323
6760
33344
6869
14265
1650
2989
27542
44870
6224
3475
1140
14796
987
45328
19062
40326
18008
10741
1667
9616
2646
20660
2512
1631
2490
7684
10845
1050
17718
1890
43389
39493
16174
22711
60791
10061
12969
7674
16388
17000
27102
6376
12704
24468
20101
12524
2334
7998
2915
34457
9545
11043
36986
1391
4637
11553
15814
53065
62808
2940
11418
8127
16963
1918
569
72758
7821
10963
10324
4056
7631
16695
43681
28302
28814
6584
20084
19236
3069
25677
25576
34528
8271
6417
37441
400
16402
48017
21713
13488
528
7829
9533
10917
842
11948
18083
28989
2039
35745
6496
27514
2181
20504
44145
4450
14062
4669
22625
12891
7770
20544
554
72668
2223
6339
40072
38263
12805
10198
1129
8879
8985
13818
13042
74056
9124
468
49403
2529
55894
8522
183
8661
16215
10046
28427
2584
12145
29961
30492
4623
5097
4393
12639
6162
3019
26071
38147
982
7475
6611
26572
43422
51539
678
7066
12559
29545
10418
28915
1445
9266
51476
27619
18652
25392
28556
6120
4506
19496
12166
513
2950
60989
3186
2907
24798
32137
2022
7634
14853
20958
12977
3236
12736
12337
38901
366
40176
30
13147
2544
25148
16673
4781
4064
11828
14063
40960
831
15472
13056
2406
18549
10405
15442
29361
4851
18228
1075
41981
453
14501
5560
33529
5789
59246
8822
4293
8924
4581
3731
1394
4262
11397
2820
50221
6040
35675
612
8737
47375
4748
1735
22832
34749
21486
5828
36801
21160
19523
4943
17747
11518
7794
4714
44815
38573
1075
9384
35918
3834
1217
18636
47441
8428
1596
450
20037
12448
18975
14093
1410
41303
1615
15360
3372
33503
423
525
17807
3669
10676
24784
33744
12365
15131
24129
12230
54930
6091
66206
6010
604
13938
267
7904
3871
249
53457
20521
8576
21904
6619
285
227
12338
28190
4626
9039
43029
7591
168
17707
23671
3867
13327
4884
60561
23031
50143
7652
1813
12472
1819
5901
10984
483
2705
18752
923
2750
17902
15402
13371
75875
11382
30173
49429
14076
40389
2129
23022
21225
13150
8721
7325
45316
7542
19436
297
7340
19186
30192
1050
45516
57190
10842
31023
10196
11426
32541
9987
34954
7371
544
8197
29287
11553
631
33341
5708
8281
7229
17606
20287
21219
6067
12592
297
5897
8817
7471
19701
27888
81
36256
8081
844
17247
6802
8896
5852
20264
7598
21227
252
48534
5401
7748
15435
38800
9414
35370
32237
56882
23005
46182
39721
22004
3778
7516
14470
21312
6329
52464
95068
46660
164
40035
4115
22154
4943
36459
20628
22238
3393
16109
13869
46532
18734
9324
1042
1317
16888
3381
21015
4585
15250
4326
1112
23796
1113
10497
5322
59569
9906
6554
134
5187
14220
12938
34418
21810
8674
21656
8037
25192
77791
52583
11736
82654
2339
10525
11023
42757
3993
6052
4917
43928
1685
17762
10909
9690
7810
11454
13524
40356
2592
72701
11423
49292
5201
20858
10753
23792
11341
6044
1771
34585
3371
17880
15210
4132
1269
3296
8660
6989
18740
20013
38632
2082
6965
9009
379
1786
38624
34664
47448
9206
707
48267
7399
7179
6406
4073
10488
7612
7793
14866
19920
20843
1969
36529
15709
7120
6064
39285
30105
52018
166
8116
2956
5135
1721
9308
12272
3398
43274
8986
11028
6306
53662
16477
10544
20763
60409
2095
33372
10918
2735
1659
64960
27112
13158
3618
17427
26873
7079
4929
18058
1419
8614
114
14525
7224
24451
7294
38991
37881
2136
698
27036
8102
1742
9938
7274
1066
856
9229
5529
2503
52023
8604
4992
21928
38732
7464
57582
5937
3571
14623
18834
25650
31014
11777
10604
9934
4621
11313
541
5554
8653
18815
1560
4969
257
899
7103
12547
12208
39570
1412
30383
24636
4248
72117
10752
15708
2110
16109
15911
11026
2665
26741
2653
72639
39356
3439
13013
27878
33515
9861
6197
7555
6826
1833
7060
23458
10515
1093
63680
14366
12848
14557
14468
55495
6038
13931
8899
4527
5173
17688
2227
12647
28325
40460
50865
18031
12306
19154
17038
20860
1433
96501
1778
49800
6481
4601
12217
27022
55851
3450
4664
6956
2022
13467
23489
242
5982
11845
8935
12443
5227
26211
7946
34264
32917
1877
11169
2883
10483
462
13208
8138
1635
46219
16735
9061
1165
1083
6398
60229
3136
1715
4627
2947
3685
31190
11971
6755
13429
46400
11697
8574
33277
346
17691
39970
1975
1780
12705
1958
20870
12141
4918
1065
36930
57712
20759
42457
1342
11673
13845
49940
15482
9891
5531
2714
10243
12803
1627
16548
983
1363
8445
13593
33696
2526
1765
3803
2359
4042
49649
9531
29512
15847
28410
34706
36727
17266
10479
3170
2972
26363
5618
23671
38958
5627
31454
44792
26990
3822
12666
29683
12577
34116
19845
22892
1857
21458
10830
29765
5650
17046
9076
2485
14451
15316
9458
48453
12204
9548
18750
86138
6008
2543
17302
4484
2473
20086
4036
8859
30830
11314
28496
10548
23187
31804
12438
15616
20442
23539
3971
13673
1842
19890
1212
21779
5359
7340
8272
18039
4728
1755
8699
16301
2310
18635
40988
4516
33987
190
13180
2709
5887
30683
26466
1054
14317
9891
80166
21369
43393
581
4484
19227
1351
26188
3852
7043
2584
8924
19929
5445
74897
22689
705
3624
10232
11218
4786
17312
5436
52261
35408
38727
31703
8962
23212
10145
79430
6061
5820
37714
10817
30640
6294
15604
53043
23164
3115
19573
7118
26494
1852
50
3403
61893
9994
25636
30762
30107
20691
1660
27843
69738
15404
20811
29925
56687
2714
7788
1978
6211
19092
8991
2215
9761
7376
64891
13872
51472
16700
23243
1390
10188
20823
7568
21114
615
79723
32486
18711
6094
18742
2711
8541
12775
1120
4803
24237
83318
2916
20507
2958
39906
24401
13930
573
8651
5955
2690
43793
8469
17541
27269
5640
28718
12363
32176
18683
10651
14121
4282
605
535
5153
2114
17086
25760
4568
2748
17087
2715
1299
26202
42164
35097
11372
218757
1568
6985
18224
13584
12134
19092
23537
11526
5347
29923
28530
20136
11912
57432
7364
30415
9646
2565
6925
8482
10160
1042
24082
26440
18895
7367
16980
31424
30231
16843
36780
4791
30745
9529
8870
13323
13972
6250
10201
57637
11050
45246
29131
36266
10911
11108
1903
3076
8767
6829
33760
64292
3634
25269
18918
5871
34175
28761
10255
77841
15697
26984
374
16316
19025
7659
11069
10416
1954
23333
2555
33098
13752
19305
15460
26706
3682
14069
3236
1906
18743
26213
21599
10791
6097
977
15145
4116
15060
3201
36345
773
44072
1932
2286
74684
13325
9783
8512
15502
71521
45121
16876
1700
6657
181
13555
2020
1078
2373
5622
21355
20982
95869
8803
6714
14182
18977
6215
6714
283
2651
11525
11587
1787
8837
5324
41301
45372
14007
6261
11538
28474
16657
26995
3577
20056
4605
38621
5841
35810
5935
3187
1348
2110
6776
15956
36135
75926
5836
22122
40480
12047
796
1368
7628
2400
15865
11675
8555
4712
7521
7983
41591
1976
35622
33092
19085
12367
1691
232
11305
1532
5247
9629
7222
4699
8963
16920
25838
437
44967
32763
1120
2547
59882
31542
11519
13812
42147
6531
6981
13250
6088
34157
19906
3892
2434
5544
6669
1842
35561
24738
809
44783
21147
4299
5681
34986
63514
19843
9991
7331
12659
11814
11052
548
97154
10830
7516
6540
44037
34931
23083
6468
13188
8066
2182
14772
45789
2724
31
752
7450
5761
4089
8224
3413
28017
22795
28000
1046
8185
50963
13587
10405
2351
28666
9524
26141
3749
4064
31991
8514
15635
2571
16689
28044
30300
36784
14851
45738
44785
5426
5245
32084
7780
31858
14648
71862
11793
5451
5409
20663
18397
37480
27707
13829
20670
60179
91003
2387
52177
6360
574
6333
33015
21048
1180
12829
17322
6084
1097
13810
12059
38798
10219
15756
2244
35188
8217
28845
8703
17150
8916
12302
18145
6762
33616
4447
4362
10526
10135
44356
2852
73213
69446
9793
34414
50857
9931
27336
2580
5426
12200
3438
6914
18363
10854
20612
20768
14101
6476
29080
2169
8979
21711
2603
24221
16394
58050
322
3314
8057
7784
32410
15494
12127
46967
16014
636
13934
27221
6521
3189
25538
30106
1253
30774
985
14710
6566
3794
24022
9720
52545
11364
33670
4606
53718
51635
50277
39146
1914
4092
2603
2456
21885
18358
3565
20288
11376
171
12760
8252
3451
6148
21829
4461
445
2771
14848
3624
8442
10386
24141
33693
34806
5415
12756
8437
2291
3104
16449
5100
28945
1111
39917
30735
13751
33562
16444
17454
282
4520
9953
54032
5988
18502
56127
12402
1938
18635
2974
8156
315
14328
30695
31994
12554
356
15412
31561
27706
2715
1093
10392
3400
725
23273
13436
23875
36692
18978
45158
8877
18348
3258
11849
14521
12861
100728
2250
4945
51681
31489
10638
21391
10252
20101
5492
14862
9881
10259
8826
73355
1021
861
1609
14128
5443
21566
7547
36642
6822
1435
4101
1686
28425
45040
9640
10201
7916
13854
77046
2183
37128
57377
27283
37351
1375
29121
10442
17683
40627
915
18302
2162
14587
45627
20480
26732
15461
5816
4321
2990
5956
27820
15886
8289
12823
31688
2691
29814
10561
12127
52961
10904
10332
9520
34938
5761
353
14663
37536
13084
51376
14945
9567
22026
2976
56973
17299
5551
5464
36376
55791
463
28684
3758
9485
47693
8254
17327
16396
2583
665
7054
4968
791
19932
92346
4602
3248
15833
60719
821
18716
16836
23264
5554
1553
35768
23528
8298
29155
6384
9701
5963
9161
9362
21070
1162
1789
18504
31490
17422
10842
40820
53657
29983
91157
41041
24415
988
26387
22769
14682
20860
56558
451
1421
6934
10046
18805
14002
10486
5186
32032
21139
4994
13241
4050
2227
82
33152
7137
7864
2803
33235
5300
20835
51057
26376
2578
63165
6414
30934
59988
553
2181
18802
44189
7781
4229
28172
6254
10002
3044
598
11659
1292
582
12361
8372
31633
5466
19775
18338
28077
1418
28219
64578
6894
60224
8545
21266
7873
37474
18820
99627
2789
15749
2832
16889
608
1926
45507
3061
24825
47976
9262
29384
35238
18161
7524
16713
7990
4505
26825
6174
2558
4996
901
7236
18167
7723
12540
44302
49456
1264
11654
11835
9870
15412
2328
40375
30071
15950
9119
7519
6449
5284
3410
3024
3736
38243
61765
14633
2744
30646
21410
49585
13783
69665
1894
71351
16785
61067
5879
51218
31672
36827
9460
11400
11803
5295
9995
8702
545
10499
15670
9683
310
32478
38527
13363
726
4207
5013
16408
7662
195
32570
31562
10116
10106
16325
27867
3276
8113
45731
24805
47284
14866
11668
63862
26300
17373
7705
6971
47475
47688
12566
12054
5041
47505
6404
16438
15482
33788
28160
17150
12459
15755
20360
1329
22993
5581
13428
22532
73917
875
10070
17692
24662
25173
29736
64831
4053
4074
2688
361
2635
11685
19586
5140
8051
27339
14833
23833
4242
9801
1251
9243
77546
12577
15619
7422
39017
14479
39027
2402
8830
8051
13681
30960
2949
24326
13909
19054
3092
635
26570
41707
16030
3927
7710
7851
30241
6672
13802
13714
13565
2676
5252
2623
8936
596
9907
12787
5792
23677
875
23041
29896
32964
39474
7218
8003
1068
40904
47149
6527
48769
45753
26698
13987
676
1255
54291
6489
9505
35537
16000
5797
35104
10051
33429
10430
30519
49660
13226
30506
13323
7271
3876
3265
19725
9148
34230
4437
18788
2281
42855
28532
4735
5723
21454
65006
40380
24931
20975
24108
9620
12425
12388
5366
2201
27673
31915
16843
1060
204
16929
11900
28185
12026
4973
32984
8910
9969
10532
12922
6391
14728
4337
16520
3556
19585
20990
15868
9395
16807
30146
4222
28759
7808
54842
11396
8675
17737
13552
47879
1168
21203
4555
3046
79651
17222
14296
14688
7639
21029
14785
7423
20536
20757
93744
227
13095
28017
15107
41403
329
29056
39219
10993
857
31252
31970
22495
50446
150
34541
31541
48581
3567
23740
1294
14965
7867
16477
16526
1500
4053
4551
3162
28018
18182
3220
18335
21495
12912
31966
34379
30060
2680
28190
8043
63577
4262
36368
8926
37608
17620
19644
45522
6708
30709
11614
65691
19189
2091
15152
290
30295
21921
26384
44312
18478
117776
11834
34563
42435
17539
272
13120
33231
119297
5821
6974
18659
2620
14984
3143
20444
1111
4841
40339
22248
1839
38318
1404
1760
11735
7989
34887
31261
7542
18498
15354
6173
389
24348
20342
26784
47269
50852
1660
4049
7414
10756
55905
18478
81576
3894
119743
7549
3063
10805
8779
7658
2160
16233
4331
13903
19980
5679
30332
2076
32870
3552
5057
16423
25244
15697
2940
16576
6600
7012
871
27485
45038
11360
12269
31615
13964
817
30149
45029
52609
4552
2099
30959
14861
22564
28712
15855
15231
43419
12457
3072
6211
1852
28396
20591
2087
4789
7268
51534
25238
25275
61
25540
12718
19310
7181
7497
47853
16782
42794
3517
4719
17134
20939
17043
5106
56040
18466
37952
1289
223
103793
57940
6565
17106
14817
17500
19941
46645
3473
10026
69854
5162
18331
42142
4862
28856
10836
6577
795
30748
21568
2501
205
27986
10094
29793
7251
15308
2262
39046
36916
436
39801
18692
69633
1271
10264
15110
16120
7431
26746
8466
13701
38984
34579
53776
11712
17595
21442
12477
54579
67370
23682
1807
6517
6558
5114
12966
367
5440
14252
8674
26837
7170
16874
26563
44041
13995
42796
59573
472
29132
8665
991
4383
41828
8792
7208
30851
8380
16560
23193
10440
2736
6345
12976
13000
9817
36759
35778
14169
3635
1716
17183
7232
13641
18182
1630
952
15196
41180
85087
10789
5668
30684
16521
11442
14209
24923
19243
27624
12708
7311
26149
22816
21320
41585
3185
3264
12978
51459
27432
2173
23930
31368
6570
26075
27386
10932
53107
8723
15607
8196
16466
27842
68017
8850
95829
15670
14908
6950
15162
24173
7737
25845
49994
33881
29558
25526
48251
963
194
7788
439
23188
3054
5537
25191
15387
16503
8527
17466
6960
57695
159
30472
11940
814
15573
35376
21797
33775
16248
9365
13243
48515
10319
9282
46162
9890
1028
10629
21331
8484
15175
11473
8547
21001
10446
19249
19275
24914
127
4891
19045
19623
12219
12843
36671
7783
